0.000976562	0.000375	0.000951172	9.28879e-07
0.00195312	0.000875	0.00189648	7.28798e-06
0.00292969	0.00034375	0.00287012	1.91908e-05
0.00390625	9.375e-05	0.00377637	3.52736e-05
0.00488281	-0.0003125	0.00480273	5.71728e-05
0.00585938	0.00078125	0.00582715	8.99992e-05
0.00683594	-0.00025	0.00689648	0.00012858
0.0078125	-0.000625	0.00773633	0.000163469
0.00878906	-0.00084375	0.00879785	0.000212045
0.00976562	-0.00328125	0.0096123	0.000258342
0.0107422	-0.0048125	0.0104902	0.000310446
0.0117188	-0.00484375	0.0116221	0.000382459
0.0126953	-0.0056875	0.0125723	0.000436728
0.0136719	-0.0054375	0.0138535	0.000547304
0.0146484	-0.00440625	0.0147666	0.000621072
0.015625	-0.00434375	0.0154932	0.000672399
0.0166016	-0.00478125	0.0169092	0.000799815
0.0175781	-0.0034375	0.0182305	0.000906837
0.0185547	-0.00421875	0.0192842	0.0010384
0.0195312	-0.0061875	0.0202441	0.00115906
0.0205078	-0.00496875	0.0213955	0.0013061
0.0214844	-0.00446875	0.0219561	0.00134618
0.0224609	-0.0048125	0.0230137	0.00150279
0.0234375	-0.00546875	0.0239873	0.00162377
0.0244141	-0.00678125	0.0242334	0.00162876
0.0253906	-0.0079375	0.0250566	0.00173202
0.0263672	-0.008875	0.0258633	0.00186765
0.0273438	-0.0090625	0.0269746	0.0019869
0.0283203	-0.00903125	0.02804	0.00223535
0.0292969	-0.009875	0.0288848	0.00238998
0.0302734	-0.00921875	0.030165	0.00260915
0.03125	-0.0091875	0.0309102	0.00274137
0.0322266	-0.0108125	0.0324844	0.00305433
0.0332031	-0.0105938	0.0335322	0.00321713
0.0341797	-0.00975	0.0349473	0.00356406
0.0351562	-0.0095	0.0356504	0.00370752
0.0361328	-0.0089375	0.0370352	0.00394214
0.0371094	-0.0096875	0.0382813	0.00422013
0.0380859	-0.00778125	0.0392373	0.00449665
0.0390625	-0.0079375	0.0402266	0.00463434
0.0400391	-0.0085	0.0412227	0.00502558
0.0410156	-0.00946875	0.0422686	0.00519278
0.0419922	-0.00846875	0.0439814	0.00549013
0.0429688	-0.007125	0.0451465	0.0058602
0.0439453	-0.00690625	0.0467803	0.00640889
0.0449219	-0.0066875	0.0484043	0.00682559
0.0458984	-0.00653125	0.0492744	0.00705472
0.046875	-0.0086875	0.0499551	0.00731182
0.0478516	-0.00778125	0.0513232	0.00777269
0.0488281	-0.008	0.0512148	0.00784682
0.0498047	-0.00659375	0.0521143	0.00824765
0.0507812	-0.00728125	0.0524111	0.00841146
0.0517578	-0.00784375	0.0537666	0.00886213
0.0527344	-0.00709375	0.053874	0.00883184
0.0537109	-0.00915625	0.0556533	0.00944704
0.0546875	-0.00890625	0.0570498	0.00974927
0.0556641	-0.00978125	0.0579951	0.00996073
0.0566406	-0.0090625	0.0592402	0.0103215
0.0576172	-0.007875	0.0605508	0.0108343
0.0585938	-0.00715625	0.0604561	0.0107848
0.0595703	-0.00675	0.0622363	0.0115984
0.0605469	-0.0064375	0.0631465	0.0120259
0.0615234	-0.0068125	0.0640195	0.0124807
0.0625	-0.006625	0.0650547	0.0129037
0.0634766	-0.00696875	0.0656631	0.013066
0.0644531	-0.00665625	0.0667764	0.0134745
0.0654297	-0.00678125	0.0673135	0.0138837
0.0664062	-0.00725	0.0684238	0.0146034
0.0673828	-0.00821875	0.0696533	0.0154255
0.0683594	-0.00775	0.0705664	0.0159604
0.0693359	-0.0079375	0.071666	0.0162723
0.0703125	-0.00734375	0.0727822	0.0167949
0.0712891	-0.0065625	0.0746914	0.0174906
0.0722656	-0.00559375	0.075749	0.0181819
0.0732422	-0.00440625	0.0762334	0.0179165
0.0742188	-0.00546875	0.0774443	0.0185339
0.0751953	-0.006	0.0779824	0.0187352
0.0761719	-0.0065	0.0793711	0.0193949
0.0771484	-0.00678125	0.0810693	0.0201231
0.078125	-0.00765625	0.0821846	0.0207564
0.0791016	-0.007875	0.0837461	0.0214556
0.0800781	-0.0070625	0.0849219	0.021718
0.0810547	-0.0089375	0.0865	0.0229036
0.0820312	-0.00815625	0.0873271	0.0236661
0.0830078	-0.008125	0.0872578	0.0230869
0.0839844	-0.0085625	0.0894355	0.0242841
0.0849609	-0.0081875	0.0898828	0.0243321
0.0859375	-0.0065625	0.0907363	0.0246282
0.0869141	-0.00646875	0.092665	0.0254725
0.0878906	-0.00746875	0.0938838	0.0262653
0.0888672	-0.00775	0.0950508	0.0271247
0.0898438	-0.0065	0.0966133	0.0283496
0.0908203	-0.0073125	0.0981289	0.0293548
0.0917969	-0.00484375	0.0997744	0.0297672
0.0927734	-0.00496875	0.101095	0.0312694
0.09375	-0.00721875	0.100937	0.0311237
0.0947266	-0.0085625	0.102973	0.032402
0.0957031	-0.0075	0.103258	0.0326821
0.0966797	-0.00575	0.104059	0.0332967
0.0976562	-0.006	0.105033	0.0344157
0.0986328	-0.005625	0.106047	0.0348474
0.0996094	-0.00459375	0.107808	0.0359285
0.100586	-0.0040625	0.108596	0.036372
0.101562	-0.00534375	0.1098	0.0371034
0.102539	-0.00653125	0.111271	0.0383701
0.103516	-0.0065625	0.112512	0.0396467
0.104492	-0.0076875	0.113932	0.0404299
0.105469	-0.00715625	0.114815	0.0410781
0.106445	-0.007375	0.11641	0.0424177
0.107422	-0.00825	0.117402	0.0429849
0.108398	-0.008125	0.118488	0.043801
0.109375	-0.0065625	0.120432	0.0450962
0.111328	-0.0051875	0.123648	0.0471127
0.112305	-0.00478125	0.12346	0.0471773
0.113281	-0.00459375	0.126062	0.049602
0.114258	-0.00459375	0.128231	0.0503709
0.115234	-0.00459375	0.128597	0.0504126
0.116211	-0.00440625	0.129386	0.0503718
0.118164	-0.004	0.130613	0.0517768
0.119141	-0.00359375	0.130981	0.0516435
0.120117	-0.004875	0.132418	0.052985
0.121094	-0.00559375	0.133333	0.0533986
0.12207	-0.0055625	0.134371	0.0537472
0.124023	-0.00378125	0.136356	0.0551493
0.125	-0.00328125	0.137144	0.0550811
0.125977	-0.00209375	0.138286	0.0562986
0.12793	-0.00265625	0.141003	0.0581807
0.128906	-0.0039375	0.141729	0.0591589
0.129883	-0.00396875	0.143833	0.0611953
0.131836	-0.00621875	0.145786	0.0633229
0.132812	-0.00615625	0.147526	0.0645483
0.133789	-0.0055	0.149441	0.0657788
0.135742	-0.00446875	0.152413	0.069493
0.136719	-0.00365625	0.153456	0.069673
0.137695	-0.00275	0.153006	0.0694175
0.139648	-0.00090625	0.155382	0.0698688
0.140625	-0.00121875	0.155122	0.0697717
0.142578	-0.00165625	0.158192	0.0729911
0.143555	-0.0010625	0.160264	0.0753345
0.145508	-0.00115625	0.162692	0.0763184
0.146484	-0.0003125	0.163451	0.0772713
0.148438	0.00071875	0.164548	0.0783585
0.149414	0.0003125	0.164863	0.0773719
0.151367	0	0.165912	0.0788738
0.152344	-0.00071875	0.168708	0.0816512
0.154297	-0.002	0.169613	0.0825987
0.155273	-0.0013125	0.171477	0.0851161
0.157227	-0.00378125	0.174661	0.0896035
0.15918	-0.00121875	0.177364	0.0909849
0.160156	-0.00103125	0.179194	0.0929282
0.162109	-0.0035	0.180178	0.0938745
0.164062	-0.00334375	0.182282	0.0968891
0.165039	-0.0050625	0.184312	0.0997713
0.166992	-0.00603125	0.18664	0.102494
0.168945	-0.00834375	0.188241	0.10334
0.169922	-0.008	0.189094	0.105045
0.171875	-0.00771875	0.190298	0.105787
0.173828	-0.0055625	0.190328	0.107094
0.175781	-0.00459375	0.191812	0.109436
0.177734	-0.0048125	0.194984	0.111639
0.178711	-0.0056875	0.196686	0.113875
0.180664	-0.0058125	0.197887	0.115591
0.182617	-0.00734375	0.201466	0.119445
0.18457	-0.0080625	0.204455	0.122084
0.186523	-0.00771875	0.206054	0.123967
0.188477	-0.00778125	0.208802	0.128503
0.19043	-0.00565625	0.211374	0.131237
0.192383	-0.0044375	0.213254	0.133481
0.194336	-0.00465625	0.213894	0.132803
0.196289	-0.00425	0.218369	0.136875
0.198242	-0.00359375	0.220763	0.140961
0.200195	-0.003625	0.223521	0.145081
0.202148	-0.00346875	0.227069	0.149395
0.204102	-0.004	0.229227	0.152984
0.206055	-0.00228125	0.228927	0.153807
0.208008	-0.004	0.230611	0.15908
0.209961	-0.00246875	0.233024	0.161187
0.211914	-0.004375	0.236428	0.162768
0.213867	-0.00553125	0.239104	0.166249
0.216797	-0.0055625	0.239754	0.167627
0.21875	-0.00453125	0.24212	0.173121
0.220703	-0.004125	0.243107	0.173825
0.222656	-0.00478125	0.245575	0.173453
0.225586	-0.002625	0.247912	0.177345
0.227539	-0.0035625	0.25001	0.182744
0.229492	-0.0055	0.25177	0.184358
0.232422	-0.00596875	0.251917	0.185083
0.234375	-0.00509375	0.254399	0.189888
0.236328	-0.00640625	0.255769	0.195548
0.239258	-0.0034375	0.257588	0.197626
0.241211	-0.00553125	0.258778	0.197525
0.244141	-0.00590625	0.261347	0.205644
0.246094	-0.0051875	0.261062	0.205552
0.249023	-0.00603125	0.263116	0.208926
0.250977	-0.006	0.263881	0.20555
0.253906	-0.00746875	0.268995	0.217311
0.256836	-0.00596875	0.273663	0.227022
0.258789	-0.00571875	0.274417	0.227312
0.261719	-0.00671875	0.280997	0.237767
0.263672	-0.0059375	0.281119	0.237548
0.266602	-0.00709375	0.282812	0.243885
0.269531	-0.01025	0.284824	0.24636
0.272461	-0.00978125	0.286622	0.249032
0.274414	-0.0100938	0.285565	0.246143
0.277344	-0.006125	0.289945	0.252722
0.280273	-0.00759375	0.292329	0.259319
0.283203	-0.00703125	0.293933	0.262845
0.286133	-0.00715625	0.295519	0.265416
0.289062	-0.0094375	0.30093	0.275553
0.291992	-0.0108437	0.303761	0.27811
0.294922	-0.0102813	0.309024	0.286008
0.297852	-0.0110312	0.309423	0.287364
0.300781	-0.0128437	0.312356	0.289875
0.303711	-0.010875	0.315486	0.296066
0.306641	-0.0102188	0.3167	0.298583
0.30957	-0.009125	0.3206	0.309484
0.3125	-0.00665625	0.325802	0.317804
0.316406	-0.0093125	0.333742	0.326413
0.319336	-0.0076875	0.335779	0.330328
0.322266	-0.0104688	0.338681	0.336332
0.325195	-0.00946875	0.342405	0.339014
0.329102	-0.0103438	0.350476	0.354151
0.332031	-0.00684375	0.356409	0.361404
0.335938	-0.0075	0.35648	0.363358
0.338867	-0.0101563	0.360278	0.374331
0.341797	-0.0105	0.364229	0.380806
0.345703	-0.0126875	0.368359	0.388133
0.349609	-0.012375	0.375715	0.408365
0.352539	-0.0164063	0.379417	0.416201
0.356445	-0.0179687	0.383292	0.423598
0.359375	-0.0189687	0.386341	0.429412
0.363281	-0.0206875	0.391775	0.445085
0.367188	-0.0199375	0.394986	0.45212
0.371094	-0.0214688	0.401556	0.470875
0.374023	-0.0209063	0.40389	0.478144
0.37793	-0.020875	0.411645	0.499552
0.381836	-0.0190312	0.41569	0.506127
0.385742	-0.019	0.422898	0.523574
0.389648	-0.0197813	0.425503	0.527311
0.393555	-0.01475	0.427561	0.533893
0.397461	-0.0185625	0.428996	0.538634
0.401367	-0.017375	0.431145	0.545419
0.405273	-0.0175937	0.440942	0.568001
0.40918	-0.0170625	0.443971	0.579368
0.414062	-0.0191562	0.444503	0.581151
0.417969	-0.0194687	0.448075	0.593727
0.421875	-0.022375	0.454723	0.613038
0.425781	-0.0235625	0.460422	0.631518
0.430664	-0.02175	0.463525	0.632797
0.43457	-0.0185	0.469355	0.656373
0.439453	-0.0169688	0.475997	0.667579
0.443359	-0.0179062	0.485653	0.692647
0.448242	-0.0179687	0.494868	0.717648
0.452148	-0.0191562	0.495522	0.713982
0.457031	-0.0178437	0.501204	0.727143
0.461914	-0.0177187	0.498585	0.716831
0.46582	-0.0187812	0.504632	0.741733
0.470703	-0.0221562	0.507396	0.752201
0.475586	-0.0238125	0.515617	0.768902
0.480469	-0.0233437	0.519327	0.766207
0.485352	-0.0230625	0.524965	0.781689
0.490234	-0.02125	0.531953	0.798071
0.495117	-0.0219687	0.536415	0.814349
0.5	-0.0255	0.541742	0.820991
0.504883	-0.0231562	0.546993	0.84517
0.509766	-0.0221562	0.550413	0.841682
0.514648	-0.023125	0.554297	0.850012
0.520508	-0.024	0.568451	0.896221
0.525391	-0.0255	0.569137	0.881657
0.530273	-0.0277813	0.580452	0.918447
0.536133	-0.0265	0.585645	0.941312
0.541016	-0.0282813	0.592317	0.96709
0.546875	-0.0284688	0.59454	0.968735
0.551758	-0.0286563	0.604093	1.0034
0.557617	-0.0280625	0.615227	1.03622
0.563477	-0.028125	0.621496	1.0637
0.569336	-0.030375	0.6284	1.09207
0.574219	-0.0302812	0.629138	1.10439
0.580078	-0.0324062	0.639173	1.13182
0.585938	-0.0329062	0.644509	1.14346
0.591797	-0.0361875	0.65227	1.18391
0.597656	-0.0377188	0.657103	1.21632
0.603516	-0.0404375	0.667947	1.25286
0.610352	-0.041625	0.672459	1.27158
0.616211	-0.0480937	0.679112	1.30165
0.62207	-0.0461875	0.681635	1.30514
0.628906	-0.04675	0.687395	1.31935
0.634766	-0.04875	0.696998	1.37791
0.640625	-0.0446875	0.703102	1.40286
0.647461	-0.0460313	0.712659	1.42097
0.654297	-0.0501562	0.718159	1.42434
0.660156	-0.0511875	0.721723	1.4549
0.666992	-0.0533125	0.728449	1.5091
0.673828	-0.0530938	0.738474	1.56663
0.680664	-0.0532188	0.750356	1.62812
0.6875	-0.0554062	0.750472	1.63783
0.694336	-0.0535	0.763119	1.70674
0.701172	-0.0533438	0.769886	1.76769
0.708008	-0.0549062	0.776421	1.81716
0.714844	-0.0561875	0.783545	1.85319
0.722656	-0.0568125	0.794059	1.92672
0.729492	-0.0572812	0.795442	1.91666
0.737305	-0.057875	0.80423	1.95109
0.744141	-0.057625	0.814869	1.98217
0.751953	-0.0608125	0.816201	1.96715
0.759766	-0.0605313	0.81713	1.96626
0.766602	-0.0650312	0.82172	1.96609
0.774414	-0.0615625	0.838102	2.05131
0.782227	-0.0595313	0.846032	2.09652
0.790039	-0.0572812	0.847411	2.11911
0.797852	-0.056125	0.848119	2.07899
0.805664	-0.0513125	0.852787	2.1093
0.814453	-0.0528438	0.855771	2.13357
0.822266	-0.0503437	0.864231	2.19947
0.830078	-0.05375	0.862035	2.21192
0.838867	-0.0507812	0.874575	2.31271
0.847656	-0.055125	0.887721	2.38047
0.855469	-0.0570312	0.897776	2.44449
0.864258	-0.0564687	0.896065	2.4625
0.873047	-0.0552812	0.911306	2.53525
0.881836	-0.054	0.921504	2.58379
0.890625	-0.0492187	0.931739	2.63303
0.899414	-0.052875	0.935486	2.63273
0.908203	-0.051375	0.941016	2.67317
0.916992	-0.0522813	0.962271	2.82597
0.926758	-0.0494062	0.96139	2.83413
0.935547	-0.04925	0.971461	2.938
0.945312	-0.0520938	0.989989	3.05164
0.955078	-0.0549687	1.01415	3.11088
0.963867	-0.0574062	1.02086	3.09471
0.973633	-0.0629688	1.02699	3.1211
0.983398	-0.0656562	1.04316	3.24224
0.993164	-0.06475	1.06316	3.36308
1.00391	-0.0619063	1.06941	3.43076
1.01367	-0.057625	1.07202	3.41851
1.02344	-0.0605	1.07653	3.46168
1.03418	-0.0617188	1.09431	3.59
1.04395	-0.0588125	1.10839	3.70079
1.05469	-0.057625	1.11177	3.74425
1.06543	-0.061875	1.12232	3.80109
1.07617	-0.06025	1.12908	3.86807
1.08691	-0.0558125	1.13896	3.98372
1.09766	-0.0557812	1.15248	4.08209
1.1084	-0.0518125	1.16424	4.10284
1.11914	-0.052125	1.16897	4.13871
1.13086	-0.0497187	1.18087	4.15068
1.1416	-0.0462188	1.19642	4.21302
1.15332	-0.052125	1.20999	4.33725
1.16504	-0.0532813	1.21454	4.48261
1.17676	-0.049375	1.23235	4.59022
1.18848	-0.0465625	1.23937	4.6058
1.2002	-0.0469062	1.24279	4.65732
1.21191	-0.04275	1.25005	4.74158
1.22461	-0.0464375	1.267	4.82916
1.23633	-0.049875	1.28246	4.79729
1.24902	-0.0435625	1.29445	4.81699
1.26172	-0.040125	1.30376	4.82858
1.27441	-0.0387813	1.31663	4.99909
1.28711	-0.04075	1.33692	5.12606
1.2998	-0.0365	1.35193	5.2849
1.3125	-0.0343125	1.37835	5.57318
1.32617	-0.0387188	1.39673	5.73272
1.33887	-0.0397187	1.3963	5.71858
1.35254	-0.0443125	1.40988	5.76661
1.36621	-0.0448125	1.41295	5.79483
1.37988	-0.0485937	1.43077	5.92498
1.39355	-0.0475312	1.4246	5.94314
1.40723	-0.0484375	1.42783	5.98854
1.42188	-0.0475	1.43857	6.16158
1.43555	-0.0441563	1.45197	6.39204
1.4502	-0.0476875	1.46548	6.50108
1.46484	-0.0491562	1.48574	6.58364
1.47949	-0.0445938	1.51046	6.68812
1.49414	-0.05	1.51162	6.68286
1.50879	-0.0526563	1.53718	6.78715
1.52441	-0.0573125	1.54088	6.87995
1.53906	-0.0591563	1.56254	7.0251
1.55469	-0.0604375	1.58669	7.21518
1.57031	-0.0557812	1.58726	7.25803
1.58594	-0.054375	1.59991	7.31142
1.60156	-0.04925	1.62464	7.41101
1.61816	-0.0495625	1.63085	7.4277
1.63379	-0.0416562	1.61855	7.37096
1.65039	-0.026875	1.61629	7.42676
1.66699	-0.0334687	1.63632	7.69452
1.68359	-0.0395312	1.66913	7.99376
1.7002	-0.0385313	1.68463	8.13427
1.71777	-0.0315	1.68872	8.12905
1.73438	-0.0297812	1.71005	8.26852
1.75195	-0.0296875	1.74341	8.72012
1.76953	-0.032	1.75897	8.86397
1.78711	-0.03775	1.75875	8.77579
1.80566	-0.0416875	1.77757	8.9587
1.82324	-0.046625	1.80135	9.18392
1.8418	-0.0509063	1.81975	9.42748
1.86035	-0.0526875	1.81883	9.4393
1.87891	-0.0569375	1.83955	9.62608
1.89746	-0.0588125	1.84262	9.6918
1.91602	-0.0564687	1.85392	9.80573
1.93555	-0.0568437	1.86985	9.94931
1.95508	-0.0548437	1.91127	10.2843
1.97461	-0.0594375	1.92043	10.2356
1.99414	-0.0543438	1.93893	10.5192
2.01367	-0.047	1.97012	10.8329
2.03418	-0.0506562	1.99157	10.7982
2.05469	-0.0374375	2.02689	11.1642
2.0752	-0.043375	2.05454	11.4579
2.0957	-0.0396562	2.06904	11.675
2.11719	-0.0438438	2.06588	11.6596
2.1377	-0.03875	2.10085	12.2542
2.15918	-0.0384375	2.10582	12.3295
2.18066	-0.0407187	2.10866	12.4762
2.20312	-0.0406562	2.137	12.8882
2.22461	-0.039375	2.14818	12.9809
2.24707	-0.0435	2.16625	13.2174
2.26953	-0.0404375	2.15572	13.1958
2.29199	-0.0388125	2.15446	13.2352
2.31543	-0.0337812	2.16791	13.6658
2.33887	-0.0336875	2.17035	13.7444
2.36133	-0.0416875	2.18603	13.9531
2.38574	-0.0372188	2.20157	14.1509
2.40918	-0.0363125	2.2215	14.5533
2.43359	-0.0344687	2.24988	14.8699
2.45801	-0.036375	2.27571	15.1238
2.48242	-0.0376875	2.29978	15.291
2.50684	-0.04025	2.31639	15.3472
2.53223	-0.045875	2.32227	15.2819
2.55762	-0.041625	2.33665	15.2748
2.58301	-0.0440938	2.36932	15.9329
2.60938	-0.0384375	2.38148	15.9933
2.63477	-0.0331875	2.38952	15.848
2.66113	-0.02725	2.40895	16.284
2.68848	-0.0266562	2.4196	16.1998
2.71484	-0.0224375	2.46705	16.7983
2.74219	-0.0215	2.42785	16.3671
2.76953	-0.0284688	2.45679	16.8641
2.79688	-0.03125	2.49179	17.3569
2.8252	-0.032875	2.49324	17.3012
2.85352	-0.03225	2.54866	17.877
2.88184	-0.031	2.58881	18.3385
2.91113	-0.0253438	2.60949	18.965
2.93945	-0.017875	2.62932	19.3383
2.96973	-0.0175313	2.67684	19.9469
2.99902	-0.0164063	2.69129	20.0674
3.0293	-0.0119063	2.71797	20.7686
3.05957	-0.0131875	2.73942	21.0092
3.08984	-0.014375	2.75804	21.7616
3.12109	-0.0254062	2.77645	22.0408
3.15234	-0.0184375	2.78866	21.9403
3.18359	-0.0111875	2.83693	23.0253
3.21582	-0.007625	2.85074	23.3289
3.24707	-0.0139688	2.87345	23.5608
3.28027	-0.0237188	2.87611	23.3152
3.3125	-0.024	2.91606	23.8339
3.3457	-0.0363125	2.93467	24.2773
3.37988	-0.0248125	2.95448	24.6325
3.41309	-0.0151562	2.96648	24.7103
3.44727	-0.0110937	3.01832	25.7044
3.48145	-0.0039375	3.04541	26.5483
3.5166	-0.0010625	3.0513	26.6409
3.55176	-0.0084375	3.07464	26.8866
3.58691	-0.00671875	3.11437	27.4913
3.62305	-0.00996875	3.108	27.8062
3.65918	-0.01475	3.15259	28.0093
3.69629	-0.0202188	3.20188	29.0801
3.7334	-0.0220937	3.2216	29.1952
3.77051	-0.0230625	3.24842	29.9628
3.80762	-0.0172813	3.23813	29.8012
3.8457	-0.0157188	3.2782	31.1803
3.88477	-0.0254062	3.2889	31.7318
3.92383	-0.0290313	3.2854	31.0249
3.96289	-0.0213438	3.27883	31.0712
4.00195	-0.01625	3.33965	32.7338
4.04199	-0.0218125	3.34775	32.6463
4.08301	-0.0120938	3.38795	33.6809
4.12402	-0.0161563	3.44769	34.9331
4.16504	-0.0125	3.52494	36.668
4.20605	-0.00259375	3.58221	38.1172
4.24902	-0.0093125	3.59746	38.0127
4.29102	-0.0196875	3.60744	38.4939
4.33398	-0.0291875	3.66405	40.128
4.37695	-0.0299687	3.67752	40.4113
4.4209	-0.03325	3.73417	41.7736
4.46582	-0.0304687	3.79834	42.6945
4.50977	-0.0381875	3.83339	43.6248
4.55469	-0.0307812	3.81346	43.5907
4.60059	-0.0273125	3.89154	45.6491
4.64648	-0.0249063	3.92035	46.8376
4.69336	-0.0245625	3.99555	49.6863
4.74023	-0.0280313	4.06982	51.0553
4.78711	-0.0216562	4.09909	51.4932
4.83496	-0.035	4.11908	51.61
4.88379	-0.037375	4.13375	52.7897
4.93262	-0.0232187	4.17867	53.5344
4.98145	-0.010375	4.20988	55.4749
5.03125	-0.0109687	4.22311	56.2597
5.08203	-0.0089375	4.24009	56.3153
5.13281	-0.004	4.29009	58.0975
5.18457	-0.0109375	4.3456	58.7597
5.23633	-0.00134375	4.3812	60.4173
5.28809	-0.0029375	4.42586	60.8329
5.3418	-0.00815625	4.47573	62.0446
5.39453	-0.0046875	4.48333	62.3868
5.44824	0.002875	4.54823	64.2685
5.50293	0.0074375	4.52652	64.1042
5.55859	0.00803125	4.54115	65.2928
5.61426	-0.0131562	4.61153	66.3043
5.66992	-0.0060625	4.62799	66.6352
5.72656	-0.00453125	4.67061	68.7204
5.78418	-0.0134375	4.67391	68.1595
5.8418	-0.0196563	4.65129	67.8302
5.90039	-0.0251563	4.70867	70.3801
5.95898	-0.0153125	4.72683	70.3006
6.01855	-0.0234062	4.76274	70.2649
6.0791	-0.0199375	4.83906	72.8238
6.13965	-0.0115	4.83308	72.6457
6.20117	-0.01125	4.87629	73.5539
6.26367	-0.0085625	4.86439	73.7469
6.32617	-0.0192187	4.88755	75.0202
6.38867	-0.02275	4.98276	76.8846
6.45312	-0.037875	5.04453	79.5187
6.51758	-0.0335937	5.07937	80.4896
6.58301	-0.0283125	5.22637	87.6314
6.64844	-0.0216562	5.23913	86.5451
6.71484	-0.0131875	5.26016	88.3665
6.78223	-0.00140625	5.34211	91.8382
6.84961	-0.0023125	5.4128	92.7138
6.91895	-0.0118125	5.39383	94.9877
6.9873	-0.011	5.47075	99.6004
7.05762	0.00134375	5.59639	101.939
7.12793	0.0191562	5.64757	103.516
7.19922	0.0281563	5.68324	106.647
7.27148	0.0401875	5.75789	110.23
7.34375	0.0397812	5.83958	113.113
7.41797	0.0407187	5.87581	115.941
7.49219	0.0320625	5.95318	117.926
7.56641	0.034375	6.00806	121.734
7.64258	0.016875	6.04032	123.259
7.71875	0.023125	6.19014	126.173
7.7959	0.0347187	6.26753	129.747
7.87402	0.0245313	6.33946	131.551
7.95312	0.0183125	6.38663	132.801
8.03223	0.0107812	6.43783	134.585
8.1123	0.0100938	6.45813	135.807
8.19336	-0.00128125	6.47075	133.439
8.27539	0.0115937	6.48756	135.297
8.3584	0.00640625	6.54177	138.823
8.44238	0.0079375	6.66045	143.126
8.52637	0.0179375	6.65023	141.585
8.61133	0.0159063	6.70781	140.78
8.69824	0.0155	6.7739	143.018
8.78516	0.0297812	6.92807	149.958
8.87305	0.0484375	6.96199	151.793
8.96094	0.0483437	6.97401	151.437
9.05078	0.0503125	6.93343	149.892
9.1416	0.056875	7.0248	152.505
9.2334	0.03375	7.13382	159.792
9.3252	0.031375	7.23772	163.492
9.41895	0.0469687	7.23119	161.008
9.5127	0.0334687	7.25424	162.614
9.60742	0.013125	7.32907	162.029
9.7041	0.024875	7.42473	168.854
9.80078	0.022875	7.43263	171.114
9.89941	0.0305312	7.54883	175.595
9.99805	0.0350312	7.66347	183.925
10.0977	0.0237188	7.69718	184.289
10.1992	0.0199375	7.75721	186.252
10.3008	0.0236563	7.85489	189.835
10.4043	0.0253438	7.90468	189.03
10.5078	0.0249375	8.02822	192.783
10.6133	0.0158438	8.12281	196.467
10.7197	0.0084375	8.22235	203.112
10.8262	0.0158125	8.34952	207.95
10.9346	0.0143438	8.36119	211.419
11.0439	-0.0068125	8.38101	210.806
11.1543	0.0073125	8.50727	216.326
11.2656	0.00125	8.61499	220.988
11.3789	-0.0006875	8.65533	223.964
11.4922	-0.0154062	8.63326	224.53
11.6074	-0.00728125	8.65955	223.489
11.7236	0.0078125	8.83005	234.253
11.8408	-0.01325	8.90475	240.686
11.959	0.0009375	8.95281	245.183
12.0791	0.0060625	8.83892	234.583
12.1992	0.012875	8.95379	242.931
12.3213	0.031125	8.94415	243.692
12.4443	0.0449688	9.03462	250.416
12.5693	0.0445938	9.06162	254.728
12.6953	0.0425	9.08501	260.135
12.8223	0.0471875	9.08557	261.603
12.9502	0.0414375	9.17256	268.618
13.0801	0.04125	9.13574	273.566
13.21	0.0364375	9.24064	279.107
13.3428	0.0519063	9.25358	276.461
13.4756	0.0441563	9.40293	284.16
13.6104	0.058375	9.54654	291.907
13.7471	0.0636875	9.70283	306.718
13.8848	0.0713437	9.84347	311.124
14.0234	0.0805	10.0132	319.235
14.1631	0.0747812	10.1077	330.681
14.3047	0.0836563	10.1935	337.779
14.4482	0.0788438	10.2815	346.224
14.5928	0.0681875	10.4128	356.447
14.7383	0.0646562	10.5792	366.914
14.8857	0.0445	10.5255	379.763
15.0352	0.0289688	10.639	381.121
15.1855	0.0328437	10.7799	390.649
15.3369	0.030875	11.0078	409.306
15.4902	0.0264062	11.0449	413.013
15.6455	0.0413437	11.2113	425.749
15.8018	0.01975	11.3259	435.846
15.96	0.0220937	11.4543	441.521
16.1191	0.00284375	11.5354	449.079
16.2803	-0.00025	11.5234	444.567
16.4434	0.0150625	11.6378	446.178
16.6074	0.0130937	11.7535	452.189
16.7734	-0.0085625	11.716	453.508
16.9414	-0.007625	11.8445	461.404
17.1113	0.0091875	12.0838	477.432
17.2822	0.0175313	12.1225	476.168
17.4551	0.0254687	12.0979	481.596
17.6299	0.0094375	12.1998	491.766
17.8057	-0.00559375	12.2124	492.284
17.9844	-0.0064375	12.2978	490.751
18.1641	-0.027875	12.3327	482.235
18.3457	-0.0350937	12.5421	502.872
18.5293	-0.027875	12.6159	498.221
18.7139	-0.03525	12.6874	509.968
18.9014	-0.0494375	12.6818	510.083
19.0898	-0.046125	12.7907	515.822
19.2812	-0.0461875	12.9007	527.148
19.4736	-0.0579687	12.8754	520.002
19.6689	-0.0522813	12.9005	519.76
19.8652	-0.05	13.1053	533.381
20.0645	-0.0600313	13.049	530.247
20.2646	-0.0515313	13.1317	536.89
20.4678	-0.0331562	13.3519	544.949
20.6719	-0.064875	13.4422	554.317
20.8789	-0.095375	13.428	547.452
21.0879	-0.0897813	13.4942	553.103
21.2988	-0.0694375	13.6358	565.246
21.5117	-0.080375	13.856	597.906
21.7266	-0.0726875	14.1647	612.028
21.9443	-0.0749688	14.3858	630.838
22.1631	-0.08975	14.544	659.059
22.3848	-0.0923438	14.4943	643.099
22.6084	-0.0999063	14.4356	644.361
22.835	-0.116	14.4805	642.47
23.0635	-0.128188	14.5559	668.825
23.2939	-0.145656	14.7054	689.076
23.5273	-0.119	14.8998	704.12
23.7617	-0.105844	15.0313	720.772
24	-0.117594	15.0709	722.575
24.2402	-0.129625	15.0104	705.309
24.4824	-0.134781	15.0603	709.016
24.7266	-0.147125	15.1023	713.125
24.9746	-0.150938	15.2039	725.907
25.2236	-0.17375	15.3316	753.852
25.4766	-0.17575	15.4914	770.107
25.7314	-0.191906	15.7768	810.783
25.9883	-0.172406	15.8047	818.451
26.248	-0.169531	15.7396	802.903
26.5107	-0.173344	16.0039	825.036
26.7754	-0.184344	16.0934	838.354
27.0439	-0.169594	16.1035	838.567
27.3145	-0.165813	16.389	871.301
27.5869	-0.179156	16.729	895.033
27.8633	-0.174313	16.7964	910.131
28.1416	-0.161969	16.9904	928.014
28.4229	-0.1835	17.2556	968.256
28.707	-0.206625	17.2509	967.486
28.9941	-0.194375	17.5046	985.63
29.2842	-0.194938	17.7258	1008.19
29.5771	-0.189656	17.9976	1038.58
29.873	-0.183844	17.9299	1050.42
30.1719	-0.182469	17.9698	1058.35
30.4736	-0.192	18.15	1103.1
30.7783	-0.204375	18.3066	1126.58
31.0859	-0.192344	18.5033	1141.4
31.3965	-0.181906	18.6678	1186.18
31.7109	-0.171563	18.925	1197.59
32.0283	-0.155625	19.3768	1259.86
32.3486	-0.131031	19.6481	1309.38
32.6719	-0.147937	19.9108	1364.7
32.998	-0.152406	20.0268	1367.1
33.3281	-0.132	19.9555	1348.84
33.6621	-0.136531	20.0416	1370.92
33.998	-0.108719	20.073	1388.97
34.3379	-0.122469	20.1288	1424.2
34.6816	-0.122969	20.2803	1411.42
35.0283	-0.150312	20.6454	1452.15
35.3789	-0.141969	20.8936	1516.91
35.7324	-0.130469	20.9963	1547.13
36.0898	-0.131625	20.9348	1514.85
36.4512	-0.151062	20.9	1486.69
36.8154	-0.153719	21.3205	1523.17
37.1836	-0.137719	21.5016	1565.87
37.5557	-0.133281	21.8574	1652.06
37.9307	-0.122094	22.1274	1689.32
38.3105	-0.0800625	22.2985	1788.71
38.6934	-0.0970625	22.6291	1881.74
39.0801	-0.0887813	23.0016	1866.96
39.4707	-0.0859063	23.326	1932.95
39.8662	-0.0932812	23.4017	1931.35
40.2646	-0.093375	23.8346	1944.88
40.667	-0.0925	23.9891	2004.48
41.0742	-0.109344	24.0204	2019.39
41.4844	-0.155	24.212	2001.8
41.8994	-0.182969	24.8991	2111.24
42.3184	-0.187438	25.0652	2179.14
42.7412	-0.1865	24.8782	2194.09
43.1689	-0.17	25.1386	2267.43
43.6006	-0.153625	25.1625	2246.08
44.0371	-0.136625	25.0598	2311.75
44.4775	-0.152688	24.9291	2214.32
44.9219	-0.124031	25.4604	2284.2
45.3711	-0.138656	25.6336	2311.4
45.8252	-0.142125	25.5444	2294.59
46.2832	-0.12025	25.5241	2302.13
46.7461	-0.126594	25.7366	2365.97
47.2129	-0.130438	25.5924	2324.38
47.6855	-0.120656	26.046	2425.24
48.1621	-0.138187	26.2645	2454.13
48.6436	-0.161062	26.4642	2500.06
49.1309	-0.157812	26.3853	2489.41
49.6221	-0.179938	26.3508	2444.87
50.1182	-0.159375	26.7393	2520.34
50.6191	-0.13475	27.135	2613.5
51.125	-0.159875	27.3354	2666.55
51.6367	-0.172313	27.735	2655.66
52.1533	-0.176969	27.4998	2618.87
52.6748	-0.188156	27.4872	2585.42
53.2012	-0.177687	27.9776	2669.89
53.7334	-0.193562	28.6333	2812.13
54.2705	-0.181344	28.9228	2808.46
54.8135	-0.205031	29.2092	2871.76
55.3613	-0.19175	29.7441	2980.95
55.915	-0.187	29.5064	2934.5
56.4746	-0.188906	29.9232	3023.5
57.0391	-0.214562	30.2553	3181.65
57.6094	-0.227563	30.3179	3124.62
58.1855	-0.24425	30.4552	3129.37
58.7676	-0.218875	30.8253	3221.09
59.3555	-0.203313	30.9907	3279.39
59.9482	-0.25825	31.1621	3294.62
60.5479	-0.232125	31.6726	3434.92
61.1533	-0.263031	31.7327	3487.12
61.7646	-0.237594	32.0663	3575.89
62.3828	-0.233344	32.6509	3630.65
63.0068	-0.221875	33.0593	3683.16
63.6367	-0.199	33.3784	3907.03
64.2734	-0.233625	33.5736	3940.43
64.916	-0.244062	33.6348	4017.06
65.5645	-0.236969	33.9978	4109.77
66.2207	-0.254219	34.5121	4203.68
66.8828	-0.230625	34.7426	4164.75
67.5518	-0.229	34.8334	4130.21
68.2275	-0.211062	34.6847	4105.69
68.9092	-0.231281	35.3997	4314.59
69.5986	-0.226531	35.8221	4479.8
70.2949	-0.225938	36.3004	4514.32
70.9971	-0.220875	36.8884	4709.88
71.707	-0.2495	37.7292	4934.16
72.4248	-0.287438	38.1355	4942.7
73.1484	-0.27825	38.4292	4985.25
73.8799	-0.258156	38.1679	4920.39
74.6191	-0.24125	38.9049	5079.76
75.3652	-0.224844	39.5646	5175.63
76.1191	-0.235719	39.9451	5300.58
76.8799	-0.228594	40.2175	5428.81
77.6484	-0.236313	40.3982	5433.4
78.4258	-0.213125	40.8109	5565.76
79.21	-0.253594	41.061	5583.08
80.002	-0.248438	41.7039	5834.29
80.8018	-0.235937	41.7459	5698.92
81.6094	-0.243656	42.1232	5819.53
82.4258	-0.262969	42.315	5878.75
83.25	-0.243688	42.9011	6176.19
84.083	-0.256344	43.151	6129.86
84.9238	-0.273	43.3497	6169.56
85.7725	-0.270688	43.9892	6531.75
86.6309	-0.257312	44.1209	6683.12
87.4971	-0.249031	43.8561	6571
88.3721	-0.26125	44.6438	6851.04
89.2559	-0.28425	44.7354	6659.38
90.1484	-0.305219	44.7785	6599.66
91.0498	-0.300781	45.2266	6754.98
91.96	-0.327344	45.5132	6811.06
92.8799	-0.313063	45.8406	6873.54
93.8086	-0.304875	46.2627	6926.93
94.7461	-0.30975	47.5264	7407.72
95.6943	-0.27975	48.3453	7778.46
96.6514	-0.281969	48.7064	7923.93
97.6172	-0.317719	48.7463	7896.26
98.5938	-0.304344	50.0249	8291.01
99.5791	-0.317656	50.1745	8268.92
100.575	-0.354063	50.2655	8407.29
101.581	-0.290219	50.9482	8562.37
102.597	-0.265125	51.4654	8841.84
103.623	-0.290719	52.1511	9045.77
104.659	-0.312063	52.6106	9194.6
105.706	-0.292438	53.3128	9255.23
106.763	-0.241813	53.5764	9407.8
107.83	-0.25925	53.2874	9327.41
108.909	-0.268937	53.9407	9497.06
109.998	-0.270688	54.2064	9630.12
111.098	-0.260313	54.3192	9728.91
112.209	-0.190469	54.42	9795.02
113.331	-0.217438	55.0414	10139.8
114.464	-0.221406	55.2249	10356.5
115.608	-0.213875	55.9119	10645.1
116.765	-0.163938	56.3307	10885.7
117.933	-0.1735	56.6261	10840.4
119.112	-0.160406	57.1519	11069.1
120.303	-0.154875	57.9636	11817.5
121.506	-0.150562	57.7422	11773.7
122.721	-0.144937	58.1209	11497.2
123.948	-0.131312	58.4819	11534.7
125.188	-0.149812	58.1762	11393.4
126.439	-0.1245	59.481	11937.8
127.704	-0.159719	60.0456	12261.8
128.981	-0.140875	60.4833	12522.1
130.271	-0.210938	61.8579	13219.3
131.573	-0.196063	62.4442	13781.9
132.89	-0.192656	63.2482	13896.3
134.219	-0.18925	64.8855	14635.3
135.561	-0.239844	65.944	15434
136.916	-0.2495	65.9345	15266.7
138.285	-0.224594	65.6737	15340.3
139.668	-0.202063	64.9216	15316.9
141.064	-0.223375	66.3733	15578.5
142.476	-0.22975	67.6066	15805.2
143.9	-0.193938	68.3354	15890.1
145.339	-0.233156	69.024	16020.4
146.793	-0.236219	69.5664	16104.2
148.261	-0.255156	70.7751	16878.3
149.743	-0.22225	70.8624	16825.6
151.24	-0.210531	70.6097	17259.8
152.753	-0.231563	71.108	17436.4
154.28	-0.25075	72.7161	18477.4
155.823	-0.192562	72.59	19239.2
157.382	-0.228	73.4315	19940
158.955	-0.249688	74.8297	20707.3
160.545	-0.191312	75.1734	20689.9
162.15	-0.169781	76.1145	21505.9
163.772	-0.159531	76.761	21799.9
165.41	-0.206313	77.7052	22196.1
167.063	-0.177719	77.545	21940.8
168.734	-0.205906	77.8579	21791.8
170.422	-0.208937	78.0333	21158
172.126	-0.172406	79.0954	22156
173.848	-0.238781	80.2282	22511.6
175.586	-0.2	79.9323	22008.2
177.342	-0.2345	80.5208	22294.7
179.115	-0.239563	81.2897	22313.3
180.906	-0.229563	82.0894	23156.1
182.715	-0.191625	82.8209	23543
184.542	-0.251188	84.7805	24129.5
186.388	-0.275187	84.446	23494.9
188.252	-0.202594	86.2419	25109.5
190.135	-0.254969	87.0714	24965.5
192.035	-0.265719	87.5965	25558.7
193.956	-0.239063	88.5105	26474.2
195.896	-0.210969	89.8193	27586.3
197.854	-0.200281	90.8537	28102.8
199.833	-0.189562	92.7056	28796.8
